259      3
321      3
842      3
1513      3
1538      3
2526      3
2693      3
3491      3
3712      4
4113      3
4152      3
4676      3
5453      4
5508      3
6265      3
6648      3
7328      3
7534      3
7816      3
7987      3
8003      3
8546      3
8691      3
9846      3
9864      3
10121      3
10215      3
10480      3
10823      3
10843      3
11316      4
11599      3
11656      3
11862      3
12403      3
13110      4
13159      3
13332      3
13381      3
13882      4
14125      3
14139      3
14167      3
14272      3
14544      3
14796      3
15124      3
15554      3
16828      3
17119      3
17216      3
18824      4
19364      3
19581      3
19745      3
19756      3
19843      4
19953      3
20277      3
20731      3
20816      3
21063      3
21138      3
21214      3
21514      3
21656      3
22479      3
22771      3
22773      3
23018      3
23182      3
23471      3
23601      3
23910      3
23987      3
24138      3
24606      3
24607      3
25635      3
26106      3
26860      3
27175      3
27641      3
27807      3
27966      3
27967      3
28365      3
28727      3
28878      3
28898      3
